0 5
0 1
0 2
0 3
0 2
0 2
0 3
0 2
0 3
0 1
0 2
0 1
0 2
0 2
0 3
0 5
0 1
0 2
0 3
0 2
0 2
0 3
0 2
0 3
0 1
0 2
0 1
0 2
0 2
0 3
0 5
0 5
0 5
0 5
0 5
0 5
0 5
0 5
0 5
0 5
0 5
0 5
0 5
0 5
0 5
0 5
0 5
0 5
0 5
0 5
0 5
0 5
0 5
0 5
0 5
0 5
0 5
0 5
0 5
0 5
0 5
0 1
0 5
0 1
0 5
0 1
0 5
0 1
0 5
0 1
0 5
0 1
0 5
0 5
0 5
0 5
0 5
0 5
0 5
0 5
0 5
0 5
0 5
0 1
0 2
0 3
0 2
0 2
0 3
0 2
0 3
0 1
0 2
0 1
0 2
0 2
0 3
0 5
0 1
0 2
0 3
0 2
0 2
0 3
0 2
0 3
0 1
0 2
0 1
0 2
0 2
0 3
0 5
0 1
0 2
0 3
0 2
0 2
0 3
0 2
0 3
0 1
0 2
0 1
0 2
0 2
0 3
0 5
0 6
0 4
0 8
0 12
0 0
0 28
0 34
0 22
0 20
0 58
0 64
0 52
0 100
0 52
0 48
0 2
0 3
0 5
0 9
0 17
0 33
0 65
0 129
